1/8/2017

Bottleneck: 256

* Left to Original *
Test L2
[ 0.02038369  0.02064453  0.02088537  0.0210308   0.02037898 ]
Train L2
[ 0.01260449  0.01375998  0.01284788  0.01259254  0.01295752 ]

* Left to Right *
Test L2
[ 0.03580095  0.03612999  0.03603253  0.0361756   0.03562742]
Train L2
[ 0.01412443  0.0143656   0.01408591  0.0143214   0.01483076]

* Blanked to Original *
Test L2
[ 0.02091844  0.02030737  0.02049741  0.02042244  0.02056378]
Train L2
[ 0.01369887  0.01302123  0.01384027  0.01384086  0.01334401]

Bottleneck: 128

* Left to Original *
Test L2
[ 0.02226918  0.02233692  0.02167118  0.02243942  0.02237657]
Train L2
[ 0.01767993  0.01754862  0.01728425  0.01772956  0.01779876]

* Left to Right *
Test L2
[ 0.03482486  0.03514954  0.03647631  0.03549993  0.03584833]
Train L2
[ 0.01845959  0.01931626  0.01865964  0.01943302  0.01914289]

* Blanked to Original *
Test L2
[ 0.02170735  0.02200194  0.02170425  0.02175899  0.02195499 ]
Train L2
[ 0.01779361  0.01796956  0.01769928  0.01770136  0.01756903 ]

Bottleneck Experiment
16 32 48 64 80 96 
112 128 144 160 176 192 
208 224 240 256 272 288
304 320 336 352 368 384
400 416 432 448 464 480 
496 512 528 544 560 576

Test L2
[ 0.06547201  0.06569653  0.06552945  0.03009419  0.0251329  0.02395721
  0.02288385  0.02182935  0.02136500  0.02131077  0.0207140  0.02055385
  0.02080400  0.02043439  0.02081851  0.02039931  0.0205530  0.02039222
  0.02028646  0.02019968  0.02042418  0.02050229  0.02046111  0.0203261
  0.02045344  0.02015463  0.02023706  0.02017974  0.02023458  0.02055499
  0.02070384  0.02040488  0.02042831  0.02040611  0.0202734   0.02051732 ]
Train L2
[ 0.06756010  0.06754307  0.06754539  0.02776016  0.02236820  0.02070255
  0.01940022  0.01714483  0.01673273  0.01612019  0.01555019  0.01489062
  0.01379799  0.01419329  0.01329869  0.01360202  0.01286202  0.01243837
  0.01261566  0.01331981  0.01191515  0.01100861  0.0117864   0.01076296
  0.0106674   0.01183657  0.01107267  0.01147167  0.01037509  0.00965615 
  0.01017289  0.01024598  0.01047078  0.00980586  0.00931496  0.00976414 ]


50-62?
[ 0.07571372  0.06545851  0.06562681  0.06556446  0.06553014  0.06570937
  0.06552894]
[ 0.07898916  0.06757694  0.06753706  0.06753466  0.06758306  0.06754407
  0.06754354]
  	Test			Train
50
52
54  0.06563298		0.06755228
56  0.03309317      0.03106217
58  0.03236739		0.03033635
60	0.02954304		0.02747135
62 	0.02959928		0.02741035



01092017
******************* Rows removed from the right: 1-27 *******************************
Test
[[ 0.01857653  0.01581957  0.06568428  0.01626435  0.06562486]
 [ 0.06544375  0.01726955  0.06563226  0.06571973  0.06575623]
 [ 0.06555879  0.06581852  0.01434063  0.06584715  0.01484321]
 [ 0.06566616  0.01517755  0.01593098  0.06545821  0.10594817]
 [ 0.07582748  0.06583391  0.06579656  0.06569358  0.01496726]
 [ 0.06577036  0.06576681  0.06555089  0.01699585  0.0150026 ]
 [ 0.06555191  0.06562581  0.06592699  0.01466943  0.06543241]
 [ 0.01554503  0.06562463  0.06560323  0.01495628  0.06577493]
 [ 0.06557982  0.01676544  0.06548502  0.01656142  0.01576694]
 [ 0.01618412  0.01639127  0.01672984  0.01630657  0.06561391]
 [ 0.01666866  0.01829688  0.06560582  0.01705271  0.06554387]
 [ 0.01846869  0.06570832  0.06554151  0.01745387  0.06564862]
 [ 0.01963055  0.01971721  0.01965214  0.02021723  0.02022226]
 [ 0.06574997  0.02225431  0.06548541  0.02168015  0.02231735]
 [ 0.02466661  0.06549151  0.02440618  0.06561086  0.02440249]
 [ 0.06585928  0.06569692  0.06561405  0.02804561  0.06562404]
 [ 0.03158146  0.03111178  0.06555053  0.03136298  0.03140553]
 [ 0.03658546  0.03627898  0.03652057  0.03662914  0.06557633]
 [ 0.04306116  0.06566304  0.06560923  0.04313239  0.04312184]
 [ 0.05064902  0.06559817  0.06579936  0.04989251  0.05059502]
 [ 0.05556581  0.06555652  0.065648    0.05571101  0.05576405]
 [ 0.06570211  0.06008083  0.06560689  0.06024629  0.05997091]
 [ 0.06560773  0.06557011  0.0656164   0.06558343  0.0631211 ]
 [ 0.06565806  0.06565857  0.06559104  0.06564433  0.06568337]
 [ 0.06563398  0.06550484  0.06593717  0.06543646  0.06561045]
 [ 0.06556886  0.0657832   0.06583409  0.0656682   0.06552145]
 [ 0.0656708   0.06578027  0.06564596  0.06553621  0.06570224]]
 Train
[[ 0.0174988   0.01463891  0.06757428  0.01513809  0.06756038]
 [ 0.06757578  0.016136    0.06753752  0.06756166  0.06754404]
 [ 0.06753936  0.06756376  0.01327795  0.06756563  0.01377195]
 [ 0.06753586  0.0139645   0.01513564  0.06754487  0.11329582]
 [ 0.07902369  0.06758843  0.06757717  0.06755973  0.01411591]
 [ 0.0675441   0.06758535  0.06753748  0.01602804  0.01407482]
 [ 0.06753153  0.06754154  0.06767486  0.01364505  0.0675822 ]
 [ 0.01436791  0.0675304   0.06754225  0.01389616  0.06755564]
 [ 0.0675379   0.01538342  0.06755     0.01528876  0.01433105]
 [ 0.01462853  0.01487032  0.01524193  0.01474393  0.06754835]
 [ 0.01481706  0.01652749  0.06754716  0.0151873   0.0676142 ]
 [ 0.01632908  0.06756677  0.06753103  0.01512398  0.06755307]
 [ 0.01662617  0.01688654  0.01687048  0.01754231  0.01753128]
 [ 0.06756265  0.0181232   0.06757811  0.01813125  0.01802352]
 [ 0.01940535  0.06759106  0.01895796  0.06753978  0.01870235]
 [ 0.06760371  0.06757718  0.06755115  0.0221701   0.06753493]
 [ 0.02396627  0.02450337  0.06753509  0.02411222  0.02450458]
 [ 0.02809639  0.0287687   0.02726128  0.02722589  0.06755225]
 [ 0.03372177  0.06753707  0.06753249  0.03455405  0.03336843]
 [ 0.04049863  0.06754154  0.06757195  0.04255814  0.04016734]
 [ 0.04874489  0.06754077  0.06753937  0.04915421  0.04811968]
 [ 0.0675455   0.05604792  0.06755357  0.05538698  0.05640297]
 [ 0.06753862  0.06753895  0.06753732  0.06754153  0.06210621]
 [ 0.0675393   0.06753717  0.06754545  0.06756049  0.06755675]
 [ 0.06753841  0.06755145  0.06759102  0.06755928  0.06753442]
 [ 0.06755878  0.06756712  0.06758943  0.06754687  0.06754939]
 [ 0.0675603   0.0675611   0.0675543   0.06753644  0.06754336]]

test_removerows =  np.array([[ 0.01857653,  0.01581957,  0.06568428,  0.01626435,  0.06562486],
                             [ 0.06544375,  0.01726955,  0.06563226,  0.06571973,  0.06575623],
                             [ 0.06555879,  0.06581852,  0.01434063,  0.06584715,  0.01484321],
                             [ 0.06566616,  0.01517755,  0.01593098,  0.06545821,  0.10594817],
                             [ 0.07582748,  0.06583391,  0.06579656,  0.06569358,  0.01496726],
                             [ 0.06577036,  0.06576681,  0.06555089,  0.01699585,  0.0150026 ],
                             [ 0.06555191,  0.06562581,  0.06592699, 0.01466943,  0.06543241],
                             [ 0.01554503,  0.06562463,  0.06560323,  0.01495628,  0.06577493],
                             [ 0.06557982,  0.01676544,  0.06548502,  0.01656142,  0.01576694],
                             [ 0.01618412,  0.01639127,  0.01672984,  0.01630657,  0.06561391],
                             [ 0.01666866,  0.01829688,  0.06560582,  0.01705271,  0.06554387],
                             [ 0.01846869,  0.06570832,  0.06554151,  0.01745387,  0.06564862],
                             [ 0.01963055,  0.01971721,  0.01965214,  0.02021723,  0.02022226],
                             [ 0.06574997,  0.02225431,  0.06548541,  0.02168015,  0.02231735],
                             [ 0.02466661,  0.06549151,  0.02440618,  0.06561086,  0.02440249],
                             [ 0.06585928,  0.06569692,  0.06561405,  0.02804561,  0.06562404],
                             [ 0.03158146,  0.03111178,  0.06555053,  0.03136298,  0.03140553],
                             [ 0.03658546,  0.03627898,  0.03652057,  0.03662914,  0.06557633],
                             [ 0.04306116,  0.06566304,  0.06560923,  0.04313239,  0.04312184],
                             [ 0.05064902,  0.06559817,  0.06579936,  0.04989251,  0.05059502],
                             [ 0.05556581,  0.06555652,  0.065648,    0.05571101,  0.05576405],
                             [ 0.06570211,  0.06008083,  0.06560689,  0.06024629,  0.05997091],
                             [ 0.06560773,  0.06557011,  0.0656164,  0.06558343,  0.0631211 ],
                             [ 0.06565806,  0.06565857,  0.06559104,  0.06564433,  0.06568337],
                             [ 0.06563398,  0.06550484,  0.06593717,  0.06543646,  0.06561045],
                             [ 0.06556886,  0.0657832,  0.06583409,  0.0656682,   0.06552145],
                             [ 0.0656708,   0.06578027,  0.06564596,  0.06553621,  0.06570224]])
train_removerows = np.array([[ 0.0174988,   0.01463891,  0.06757428,  0.01513809,  0.06756038],
                             [ 0.06757578,  0.016136,    0.06753752,  0.06756166,  0.06754404],
                             [ 0.06753936,  0.06756376,  0.01327795,  0.06756563,  0.01377195],
                             [ 0.06753586,  0.0139645,   0.01513564,  0.06754487,  0.11329582],
                             [ 0.07902369,  0.06758843,  0.06757717,  0.06755973,  0.01411591],
                             [ 0.0675441,   0.06758535,  0.06753748,  0.01602804,  0.01407482],
                             [ 0.06753153,  0.06754154,  0.06767486,  0.01364505,  0.0675822 ],
                             [ 0.01436791,  0.0675304,   0.06754225,  0.01389616,  0.06755564],
                             [ 0.0675379,   0.01538342,  0.06755,     0.01528876,  0.01433105],
                             [ 0.01462853,  0.01487032,  0.01524193,  0.01474393,  0.06754835],
                             [ 0.01481706,  0.01652749,  0.06754716,  0.0151873,   0.0676142 ],
                             [ 0.01632908,  0.06756677,  0.06753103,  0.01512398,  0.06755307],
                             [ 0.01662617,  0.01688654,  0.01687048,  0.01754231,  0.01753128],
                             [ 0.06756265,  0.0181232,   0.06757811,  0.01813125,  0.01802352],
                             [ 0.01940535,  0.06759106,  0.01895796,  0.06753978,  0.01870235],
                             [ 0.06760371,  0.06757718,  0.06755115,  0.0221701,   0.06753493],
                             [ 0.02396627,  0.02450337,  0.06753509,  0.02411222,  0.02450458],
                             [ 0.02809639,  0.0287687,   0.02726128,  0.02722589,  0.06755225],
                             [ 0.03372177,  0.06753707,  0.06753249,  0.03455405,  0.03336843],
                             [ 0.04049863,  0.06754154,  0.06757195,  0.04255814,  0.04016734],
                             [ 0.04874489,  0.06754077,  0.06753937,  0.04915421,  0.04811968],
                             [ 0.0675455,   0.05604792,  0.06755357,  0.05538698,  0.05640297],
                             [ 0.06753862,  0.06753895,  0.06753732,  0.06754153,  0.06210621],
                             [ 0.0675393,   0.06753717,  0.06754545,  0.06756049,  0.06755675],
                             [ 0.06753841,  0.06755145,  0.06759102,  0.06755928,  0.06753442],
                             [ 0.06755878,  0.06756712,  0.06758943,  0.06754687,  0.06754939],
                             [ 0.0675603,   0.0675611,   0.0675543,   0.06753644,  0.06754336]])

****************** Emptying out squares from middle ****************************
2x2, 4x4, 6x6, 8x8, 10x10, 12x12, etc.
Test
[[ 0.01514185  0.06575007  0.01599119  0.01606253  0.07574434]
 [ 0.06551021  0.06540767  0.06559222  0.06553364  0.01568538]
 [ 0.01604304  0.01596195  0.01597153  0.01621697  0.07571794]
 [ 0.01573002  0.01641842  0.01603358  0.06551013  0.07583654]
 [ 0.06563018  0.01744986  0.06550021  0.01748288  0.06559302]
 [ 0.06552871  0.01983102  0.02028473  0.06567092  0.01963183]
 [ 0.0656689   0.06542876  0.02361763  0.06562251  0.06572769]
 [ 0.06571823  0.06552247  0.06573984  0.06554591  0.03044453]
 [ 0.06568109  0.06573046  0.0655974   0.03848857  0.03853912]
 [ 0.04928312  0.06610199  0.0493255   0.04892413  0.06556665]
 [ 0.06550432  0.06557856  0.06562433  0.05816777  0.06557523]
 [ 0.06552858  0.06285769  0.06556445  0.06555309  0.06562562]
 [ 0.06582846  0.06545911  0.0655883   0.06553113  0.06546065]
 [ 0.07563103  0.06551212  0.06595444  0.06552251  0.06546891]]
 Train
[[ 0.01389086  0.06754977  0.01487126  0.01489795  0.07902027]
 [ 0.06754629  0.06768209  0.06756053  0.06754848  0.01431685]
 [ 0.01472168  0.01469903  0.01466341  0.01477422  0.07900302]
 [ 0.01421747  0.01478798  0.01423158  0.06754682  0.07905167]
 [ 0.06753506  0.01532494  0.06754221  0.01533595  0.06753596]
 [ 0.06753872  0.0165884   0.01734529  0.06755396  0.01635459]
 [ 0.06753857  0.06757455  0.01800065  0.06757066  0.06756771]
 [ 0.06758624  0.06754181  0.06755387  0.06753757  0.0215684 ]
 [ 0.06754801  0.0675667   0.06753479  0.02760035  0.02832777]
 [ 0.04350712  0.06772152  0.04403639  0.04349504  0.06753812]
 [ 0.0675377   0.06753432  0.06754441  0.05630046  0.06753768]
 [ 0.06753382  0.0637336   0.06754897  0.06753817  0.06753648]
 [ 0.06756458  0.06756768  0.06753074  0.06755772  0.06757826]
 [ 0.07898875  0.06753726  0.06762527  0.06753109  0.06753772]]

testL2_squares = np.array(
[[ 0.01514185,  0.06575007,  0.01599119,  0.01606253,  0.07574434],
 [ 0.06551021,  0.06540767,  0.06559222,  0.06553364,  0.01568538],
 [ 0.01604304,  0.01596195,  0.01597153,  0.01621697,  0.07571794]
 [ 0.01573002,  0.01641842,  0.01603358,  0.06551013,  0.07583654],
 [ 0.06563018,  0.01744986,  0.06550021,  0.01748288,  0.06559302],
 [ 0.06552871,  0.01983102,  0.02028473,  0.06567092,  0.01963183],
 [ 0.0656689,   0.06542876,  0.02361763,  0.06562251,  0.06572769],
 [ 0.06571823,  0.06552247,  0.06573984,  0.06554591,  0.03044453],
 [ 0.06568109,  0.06573046,  0.0655974,  0.03848857,  0.03853912],
 [ 0.04928312,  0.06610199,  0.0493255,   0.04892413,  0.06556665],
 [ 0.06550432,  0.06557856,  0.06562433,  0.05816777,  0.06557523],
 [ 0.06552858,  0.06285769,  0.06556445,  0.06555309,  0.06562562],
 [ 0.06582846,  0.06545911,  0.0655883,   0.06553113,  0.06546065],
 [ 0.07563103,  0.06551212,  0.06595444,  0.06552251,  0.06546891]]
    )
trainL2_squares = np.array(
[[ 0.01389086,  0.06754977,  0.01487126,  0.01489795,  0.07902027],
 [ 0.06754629,  0.06768209,  0.06756053,  0.06754848,  0.01431685],
 [ 0.01472168,  0.01469903,  0.01466341,  0.01477422,  0.07900302]
 [ 0.01421747,  0.01478798,  0.01423158,  0.06754682,  0.07905167],
 [ 0.06753506,  0.01532494,  0.06754221,  0.01533595,  0.06753596],
 [ 0.06753872,  0.0165884,   0.01734529,  0.06755396,  0.01635459],
 [ 0.06753857,  0.06757455,  0.01800065,  0.06757066,  0.06756771],
 [ 0.06758624,  0.06754181,  0.06755387,  0.06753757,  0.0215684 ],
 [ 0.06754801,  0.0675667,   0.06753479,  0.02760035,  0.02832777],
 [ 0.04350712,  0.06772152,  0.04403639,  0.04349504,  0.06753812],
 [ 0.0675377,   0.06753432,  0.06754441,  0.05630046,  0.06753768],
 [ 0.06753382,  0.0637336,   0.06754897,  0.06753817,  0.06753648],
 [ 0.06756458,  0.06756768,  0.06753074,  0.06755772,  0.06757826],
 [ 0.07898875,  0.06753726,  0.06762527,  0.06753109,  0.06753772]]
    )
